1.448089361190795898e+00 1.157672643661499023e+00 9.877062439918518066e-01 8.672322034835815430e-01 7.936623692512512207e-01 7.311851978302001953e-01 6.344650387763977051e-01 5.679869055747985840e-01 5.167505741119384766e-01 4.829716086387634277e-01 4.300814568996429443e-01 4.066410362720489502e-01 3.966790437698364258e-01 3.753044605255126953e-01 3.506753444671630859e-01 3.448965847492218018e-01 3.170003592967987061e-01 2.998824119567871094e-01 2.861110568046569824e-01 2.728659808635711670e-01 2.608873844146728516e-01 2.640020251274108887e-01 2.520256042480468750e-01 2.368739545345306396e-01
2.330210059881210327e-01 2.129284441471099854e-01 2.131472229957580566e-01 2.005255371332168579e-01 2.000088095664978027e-01 2.008589655160903931e-01 1.854699850082397461e-01 1.767777800559997559e-01 1.632449477910995483e-01 1.513204276561737061e-01 1.472020745277404785e-01 1.438360065221786499e-01 1.359405815601348877e-01 1.351789385080337524e-01 1.281138062477111816e-01 1.241488158702850342e-01 1.265627592802047729e-01 1.229911148548126221e-01 1.276230365037918091e-01 1.258644163608551025e-01 1.238776147365570068e-01 1.191741526126861572e-01 1.173843294382095337e-01 1.148203164339065552e-01
1.122125908732414246e-01 1.138911545276641846e-01 1.058386713266372681e-01 1.039467900991439819e-01 9.933321177959442139e-02 9.296445548534393311e-02 9.794001281261444092e-02 9.422916173934936523e-02 9.053200483322143555e-02 8.956991136074066162e-02 9.057282656431198120e-02 8.334032446146011353e-02 8.632092177867889404e-02 8.188630640506744385e-02 7.921918481588363647e-02 7.942852377891540527e-02 7.552580535411834717e-02 7.631067931652069092e-02 7.335747778415679932e-02 7.436676323413848877e-02 7.405328005552291870e-02 7.476907223463058472e-02 7.199324667453765869e-02 7.087206095457077026e-02
6.799608469009399414e-02 6.648528575897216797e-02 6.542798876762390137e-02 6.333902478218078613e-02 6.136774271726608276e-02 6.358996033668518066e-02 6.173102557659149170e-02 6.059578061103820801e-02 5.930798500776290894e-02 5.670080333948135376e-02 5.622657388448715210e-02 5.818082392215728760e-02 5.134529620409011841e-02 5.135330185294151306e-02 5.053636431694030762e-02 5.076847970485687256e-02 4.941622912883758545e-02 4.836113750934600830e-02 4.856541752815246582e-02 4.877453669905662537e-02 4.979225620627403259e-02 4.841244220733642578e-02 4.914430901408195496e-02 5.005040764808654785e-02
4.800589382648468018e-02 4.501941800117492676e-02 4.456526786088943481e-02 4.392791166901588440e-02 4.559885710477828979e-02 4.600839689373970032e-02 4.643012583255767822e-02 4.646249860525131226e-02 4.494410753250122070e-02 4.389394447207450867e-02 4.139772057533264160e-02 3.974303603172302246e-02 4.038151353597640991e-02 3.880155459046363831e-02 3.763144835829734802e-02 3.750157356262207031e-02 3.804554045200347900e-02 3.877145797014236450e-02 3.831775113940238953e-02 3.787791356444358826e-02 3.777875378727912903e-02 3.882434591650962830e-02 3.648158907890319824e-02 3.600168973207473755e-02
3.668597340583801270e-02 3.646924719214439392e-02 3.556670248508453369e-02 3.624307364225387573e-02 3.621658682823181152e-02 3.540667146444320679e-02 3.562623262405395508e-02 3.592052310705184937e-02 3.632399439811706543e-02 3.651523217558860779e-02 3.700159862637519836e-02 3.647984191775321960e-02 3.571208938956260681e-02 3.521297872066497803e-02 3.366300836205482483e-02 3.377682343125343323e-02 3.314556926488876343e-02 3.360789641737937927e-02 3.154781088232994080e-02 3.132501989603042603e-02 3.164276480674743652e-02 3.126232698559761047e-02 3.127595782279968262e-02 3.235633298754692078e-02
3.143234178423881531e-02 2.913156710565090179e-02 3.000275790691375732e-02 2.842443436384201050e-02 2.760022133588790894e-02 2.765673212707042694e-02 2.703266777098178864e-02 2.768884599208831787e-02 2.701756730675697327e-02 2.631353214383125305e-02 2.797482535243034363e-02 2.637745067477226257e-02 2.803748287260532379e-02 2.565961331129074097e-02 2.587722800672054291e-02 2.508746273815631866e-02 2.814376167953014374e-02 2.792512439191341400e-02 2.829929254949092865e-02 2.622298151254653931e-02 2.594627067446708679e-02 2.719173952937126160e-02 2.763557247817516327e-02 2.623545005917549133e-02
2.496820874512195587e-02 2.567486278712749481e-02 2.650427445769309998e-02 2.715944126248359680e-02 2.837173081934452057e-02 2.710103057324886322e-02 2.720433846116065979e-02 2.690964564681053162e-02 2.577233128249645233e-02 2.780704572796821594e-02 2.889110893011093140e-02 2.736730501055717468e-02 2.589208818972110748e-02 2.400409989058971405e-02 2.462326362729072571e-02 2.427005022764205933e-02 2.638017013669013977e-02 2.465469390153884888e-02 2.394414320588111877e-02 2.749826386570930481e-02 2.729402855038642883e-02 3.322838619351387024e-02 1.553388386964797974e-01 4.395999908447265625e+00
1.564518570899963379e+00 3.220603466033935547e-01 6.153439283370971680e-01 1.870820820331573486e-01 2.270773500204086304e-01 9.627342224121093750e-02 1.149796321988105774e-01 1.459036916494369507e-01 6.301769614219665527e-02 6.365667283535003662e-02 6.927083432674407959e-02 7.853841781616210938e-02 8.701431006193161011e-02 7.351163029670715332e-02 6.550221145153045654e-02 8.000679314136505127e-02 6.817848235368728638e-02 6.438548862934112549e-02 7.574394345283508301e-02 9.292685985565185547e-02 9.751398861408233643e-02 7.629799097776412964e-02 7.767622917890548706e-02 6.624540686607360840e-02
9.865552186965942383e-02 1.377627551555633545e-01 3.068027973175048828e+00 3.813930511474609375e+00 1.201951861381530762e+00 4.742777645587921143e-01 7.209781408309936523e-01 5.910777449607849121e-01 3.515323996543884277e-01 3.203561902046203613e-01 2.536149919033050537e-01 2.448232024908065796e-01 2.274024337530136108e-01 2.007631957530975342e-01 1.829229444265365601e-01 1.790147274732589722e-01 1.943008303642272949e-01 2.176779210567474365e-01 1.716798543930053711e-01 2.025661021471023560e-01 1.576477587223052979e-01 1.609580218791961670e-01 1.555849164724349976e-01 1.315115392208099365e-01
1.635195612907409668e-01 2.151252329349517822e-01 4.382886290550231934e-01 2.328154563903808594e+00 8.140676021575927734e-01 3.390703499317169189e-01 1.246351078152656555e-01 1.456939429044723511e-01 1.974856257438659668e-01 1.924101561307907104e-01 1.573374718427658081e-01 1.429770886898040771e-01 1.502491682767868042e-01 1.552875638008117676e-01 1.778841465711593628e-01 1.636292338371276855e-01 1.657935827970504761e-01 2.047160416841506958e-01 1.926494836807250977e-01 1.814866364002227783e-01 1.862207949161529541e-01 2.190869748592376709e-01 2.014409005641937256e-01 1.974193155765533447e-01
1.662948578596115112e-01 1.619382500648498535e-01 1.811882108449935913e-01 1.996441483497619629e-01 2.333773374557495117e-01 3.244748711585998535e-01 3.663846552371978760e-01 1.898030042648315430e-01 1.560286581516265869e-01 1.151988506317138672e-01 1.349989473819732666e-01 1.598126888275146484e-01 1.513923555612564087e-01 1.795608401298522949e-01 2.156486213207244873e-01 1.922642886638641357e-01 2.589649856090545654e-01 3.102879226207733154e-01 1.473675221204757690e-01 2.477143853902816772e-01 2.279525697231292725e-01 1.041596606373786926e-01 1.694942563772201538e-01 1.350256204605102539e-01
1.323796212673187256e-01 1.823499351739883423e-01 1.786611378192901611e-01 1.612539291381835938e-01 1.653818935155868530e-01 2.321894466876983643e-01 7.744809985160827637e-01 3.932035207748413086e+00 1.407142162322998047e+00 1.603318303823471069e-01 1.339438438415527344e+00 1.938414275646209717e-01 3.001347184181213379e-01 2.524754703044891357e-01 2.541267275810241699e-01 3.440496623516082764e-01 2.452152073383331299e-01 2.382984310388565063e-01 2.270772755146026611e-01 2.512903213500976562e-01 2.536546885967254639e-01 2.332861721515655518e-01 2.385262399911880493e-01 1.969641149044036865e-01
2.096697688102722168e-01 2.175420075654983521e-01 2.392015010118484497e-01 2.559967935085296631e-01 1.818460524082183838e-01 1.333526819944381714e-01 1.646877825260162354e-01 1.669926643371582031e-01 1.765421032905578613e-01 1.413630098104476929e-01 1.498538106679916382e-01 1.143734306097030640e-01 1.429468691349029541e-01 1.544152498245239258e-01 1.372370570898056030e-01 1.804275810718536377e-01 2.064591795206069946e-01 1.675768047571182251e-01 1.158416196703910828e-01 1.829695254564285278e-01 1.604477763175964355e-01 1.626663208007812500e-01 1.598707437515258789e-01 2.269317209720611572e-01
4.241302311420440674e-01 2.033394813537597656e+00 2.727482795715332031e+00 4.947161078453063965e-01 4.273398816585540771e-01 1.461300253868103027e-01 1.310225725173950195e-01 2.937931716442108154e-01 2.536394000053405762e-01 1.821531951427459717e-01 2.646769583225250244e-01 2.305960655212402344e-01 2.728310823440551758e-01 1.625869423151016235e-01 1.875388920307159424e-01 2.309863120317459106e-01 2.446371614933013916e-01 2.621148228645324707e-01 1.990317106246948242e-01 2.235950976610183716e-01 2.647592723369598389e-01 2.252811193466186523e-01 2.834025919437408447e-01 2.461110055446624756e-01
3.092377185821533203e-01 2.995487749576568604e-01 1.879075467586517334e-01 1.408338546752929688e-01 1.491912603378295898e-01 1.542450189590454102e-01 2.402533590793609619e-01 2.104868590831756592e-01 2.430835664272308350e-01 4.328110218048095703e-01 2.155301809310913086e+00 4.503129482269287109e+00 3.897258281707763672e+00 1.510739922523498535e+00 2.930717170238494873e-01 7.263118028640747070e-01 6.248679757118225098e-01 3.825854659080505371e-01 3.714095354080200195e-01 4.413137435913085938e-01 4.503468871116638184e-01 4.478012323379516602e-01 4.223996400833129883e-01 4.005545377731323242e-01
3.897380232810974121e-01 4.142272770404815674e-01 3.693420290946960449e-01 3.633428812026977539e-01 3.242986798286437988e-01 3.049582540988922119e-01 3.485550284385681152e-01 3.885377049446105957e-01 4.152964651584625244e-01 4.884947538375854492e-01 5.028378963470458984e-01 4.202491641044616699e-01 2.375458925962448120e-01 2.520620822906494141e-01 2.991784811019897461e-01 2.738142013549804688e-01 2.879239320755004883e-01 2.521587610244750977e-01 3.104824721813201904e-01 5.022317767143249512e-01 1.408801674842834473e+00 1.349470853805541992e+00 7.936449050903320312e-01 3.751119077205657959e-01
2.382106482982635498e-01 4.170708060264587402e-01 2.964418828487396240e-01 2.651059031486511230e-01 2.773567438125610352e-01 3.227175474166870117e-01 3.182708323001861572e-01 3.479245603084564209e-01 3.203596770763397217e-01 2.773162126541137695e-01 2.959641218185424805e-01 3.121207356452941895e-01 2.957022786140441895e-01 2.892566621303558350e-01 3.652425706386566162e-01 5.654960870742797852e-01 1.342236995697021484e+00 8.188943862915039062e-01 2.462498545646667480e-01 3.456613123416900635e-01 1.917243748903274536e-01 3.028691112995147705e-01 1.929802894592285156e-01 2.538092732429504395e-01
2.744835019111633301e-01 2.946585714817047119e-01 2.862990796566009521e-01 3.456543087959289551e-01 3.379960954189300537e-01 3.336589038372039795e-01 3.995754718780517578e-01 3.658398091793060303e-01 3.214660286903381348e-01 2.196048945188522339e-01 2.263087034225463867e-01 2.607881426811218262e-01 2.572328448295593262e-01 2.724274396896362305e-01 2.810283303260803223e-01 3.848903775215148926e-01 2.945689558982849121e-01 2.611353397369384766e-01 2.238229513168334961e-01 2.369645535945892334e-01 3.346436023712158203e-01 4.468772411346435547e-01 1.806041717529296875e+00 1.779393911361694336e+00
1.028602361679077148e+00 3.507504165172576904e-01 1.469503194093704224e-01 3.683335185050964355e-01 3.871125280857086182e-01 2.309964001178741455e-01 3.128325939178466797e-01 3.244736790657043457e-01 3.711087107658386230e-01 5.440576076507568359e-01 6.031568646430969238e-01 6.955831050872802734e-01 1.668176949024200439e-01 4.031101167201995850e-01 2.939335703849792480e-01 1.951951086521148682e-01 3.593990206718444824e-01 2.958432137966156006e-01 2.653152942657470703e-01 2.940968871116638184e-01 3.576462268829345703e-01 3.207054138183593750e-01 3.688741028308868408e-01 4.093908369541168213e-01
4.822912812232971191e-01 5.784988403320312500e-01 2.168678641319274902e-01 2.343016862869262695e-01 2.194391489028930664e-01 1.839965134859085083e-01 3.495335876941680908e-01 3.708644509315490723e-01 5.794752836227416992e-01 8.058082461357116699e-01 6.437230706214904785e-01 4.956399798393249512e-01 1.182275116443634033e-01 2.982957959175109863e-01 1.926695108413696289e-01 2.967886328697204590e-01 5.002614259719848633e-01 1.145488023757934570e+00 1.464504718780517578e+00 1.013269901275634766e+00 1.423653513193130493e-01 6.540209800004959106e-02 2.142810076475143433e-01 3.515226244926452637e-01
1.912232935428619385e-01 2.746872305870056152e-01 3.249174654483795166e-01 3.426316380500793457e-01 3.262385129928588867e-01 3.352084755897521973e-01 3.399437665939331055e-01 3.199851214885711670e-01 3.190656602382659912e-01 3.091275691986083984e-01 2.210551798343658447e-01 2.191272675991058350e-01 2.484798878431320190e-01 3.012513220310211182e-01 3.773175477981567383e-01 4.241036772727966309e-01 6.887799501419067383e-01 2.561679601669311523e+00 1.954374909400939941e-01 1.230547070503234863e+00 8.526794314384460449e-01 3.715805709362030029e-01 1.441631019115447998e-01 3.824122846126556396e-01
1.865650117397308350e-01 1.883097589015960693e-01 2.473798394203186035e-01 2.806882262229919434e-01 3.763132095336914062e-01 2.676416933536529541e-01 3.412856161594390869e-01 4.094574451446533203e-01 3.038980662822723389e-01 2.043086588382720947e-01 2.974746525287628174e-01 3.919260203838348389e-01 4.846588075160980225e-01 3.635380566120147705e-01 2.082949429750442505e-01 4.585355222225189209e-01 7.251031994819641113e-01 3.064570426940917969e-01 2.260486334562301636e-01 1.772384792566299438e-01 1.979441642761230469e-01 2.517908215522766113e-01 2.728103697299957275e-01 2.501800954341888428e-01
2.048749029636383057e-01 3.413945436477661133e-01 5.751293301582336426e-01 1.127347111701965332e+00 2.675163149833679199e-01 3.030805885791778564e-01 1.564759016036987305e-01 2.965943217277526855e-01 2.555888593196868896e-01 2.255293130874633789e-01 2.142899334430694580e-01 2.306537181138992310e-01 2.966814637184143066e-01 2.394604086875915527e-01 3.206577301025390625e-01 3.021943569183349609e-01 3.376330137252807617e-01 8.049362301826477051e-01 2.503950119018554688e+00 1.979633927345275879e+00 1.217299103736877441e-01 1.862702667713165283e-01 4.274794757366180420e-01 1.699608266353607178e-01
2.721655070781707764e-01 2.690324187278747559e-01 3.294944167137145996e-01 3.328119218349456787e-01 3.226145803928375244e-01 2.496328353881835938e-01 2.845414876937866211e-01 2.609668970108032227e-01 2.743515372276306152e-01 3.050565123558044434e-01 2.754001617431640625e-01 2.783535718917846680e-01 2.288865149021148682e-01 2.423275858163833618e-01 1.743438094854354858e-01 2.974522113800048828e-01 3.296704292297363281e-01 3.799412548542022705e-01 1.475812643766403198e-01 1.967477202415466309e-01 2.659721970558166504e-01 1.095553264021873474e-01 2.480442225933074951e-01 4.183691740036010742e-01
