8.938835859298706055e-01 8.757828474044799805e-01 9.253419637680053711e-01 9.995574355125427246e-01 1.059129476547241211e+00 1.135746240615844727e+00 1.255164861679077148e+00 1.367424011230468750e+00 1.446597576141357422e+00 1.496005415916442871e+00 1.573090314865112305e+00 1.621834993362426758e+00 1.638130545616149902e+00 1.700091361999511719e+00 1.746521234512329102e+00 1.789196252822875977e+00 1.864895224571228027e+00 1.917641162872314453e+00 1.962464570999145508e+00 1.983857274055480957e+00 2.057540655136108398e+00 2.057979106903076172e+00 2.117608308792114258e+00 2.176510334014892578e+00
2.195306777954101562e+00 2.262803554534912109e+00 2.268173694610595703e+00 2.321344614028930664e+00 2.352573633193969727e+00 2.362528324127197266e+00 2.434131145477294922e+00 2.462536096572875977e+00 2.531082630157470703e+00 2.592490673065185547e+00 2.625618696212768555e+00 2.632288455963134766e+00 2.670642375946044922e+00 2.681620597839355469e+00 2.715793371200561523e+00 2.749176502227783203e+00 2.746693134307861328e+00 2.781959533691406250e+00 2.761451244354248047e+00 2.794898509979248047e+00 2.795847415924072266e+00 2.859560966491699219e+00 2.897228956222534180e+00 2.907029628753662109e+00
2.911350727081298828e+00 2.936077356338500977e+00 2.963716506958007812e+00 2.996490240097045898e+00 3.037244796752929688e+00 3.086117744445800781e+00 3.041558265686035156e+00 3.098006725311279297e+00 3.105079889297485352e+00 3.116336822509765625e+00 3.149077653884887695e+00 3.202405214309692383e+00 3.206012964248657227e+00 3.226283073425292969e+00 3.258374691009521484e+00 3.276124000549316406e+00 3.293540000915527344e+00 3.302960395812988281e+00 3.325906515121459961e+00 3.318873882293701172e+00 3.315275669097900391e+00 3.337038516998291016e+00 3.355103254318237305e+00 3.359965324401855469e+00
3.411306381225585938e+00 3.420388221740722656e+00 3.446653366088867188e+00 3.467775821685791016e+00 3.460523128509521484e+00 3.454047203063964844e+00 3.460687637329101562e+00 3.486552238464355469e+00 3.520184040069580078e+00 3.550271511077880859e+00 3.575721740722656250e+00 3.571461677551269531e+00 3.654095649719238281e+00 3.664876937866210938e+00 3.660760879516601562e+00 3.661360502243041992e+00 3.703937053680419922e+00 3.695558786392211914e+00 3.723042488098144531e+00 3.701966524124145508e+00 3.727296352386474609e+00 3.740728616714477539e+00 3.743003845214843750e+00 3.750813961029052734e+00
3.764726400375366211e+00 3.830887317657470703e+00 3.841758251190185547e+00 3.840115070343017578e+00 3.848852157592773438e+00 3.832178115844726562e+00 3.827670335769653320e+00 3.837176799774169922e+00 3.880669355392456055e+00 3.882534503936767578e+00 3.914671897888183594e+00 3.937502384185791016e+00 3.933310031890869141e+00 3.955366849899291992e+00 3.975590944290161133e+00 3.976860046386718750e+00 3.986795425415039062e+00 3.981574535369873047e+00 4.031747817993164062e+00 4.042019844055175781e+00 4.075325965881347656e+00 4.080623626708984375e+00 4.114295005798339844e+00 4.123724937438964844e+00
4.128765106201171875e+00 4.133810997009277344e+00 4.155924797058105469e+00 4.143547058105468750e+00 4.142788887023925781e+00 4.148715496063232422e+00 4.145594596862792969e+00 4.148817062377929688e+00 4.166813850402832031e+00 4.196750640869140625e+00 4.211327075958251953e+00 4.229082584381103516e+00 4.268183231353759766e+00 4.277605533599853516e+00 4.282333374023437500e+00 4.272898674011230469e+00 4.268030166625976562e+00 4.270074367523193359e+00 4.291184425354003906e+00 4.300977706909179688e+00 4.299500465393066406e+00 4.293767452239990234e+00 4.311640739440917969e+00 4.286931037902832031e+00
4.320564270019531250e+00 4.364022731781005859e+00 4.349140167236328125e+00 4.354034900665283203e+00 4.361623764038085938e+00 4.373008728027343750e+00 4.400852680206298828e+00 4.395622253417968750e+00 4.390020370483398438e+00 4.419211387634277344e+00 4.433961868286132812e+00 4.458526611328125000e+00 4.458911895751953125e+00 4.530227661132812500e+00 4.546974182128906250e+00 4.558310508728027344e+00 4.490697383880615234e+00 4.550426959991455078e+00 4.582150459289550781e+00 4.567728042602539062e+00 4.541729927062988281e+00 4.512771606445312500e+00 4.576598167419433594e+00 4.621022224426269531e+00
4.621712684631347656e+00 4.598480701446533203e+00 4.582153797149658203e+00 4.618976593017578125e+00 4.617146492004394531e+00 4.659967422485351562e+00 4.685886383056640625e+00 4.687756538391113281e+00 4.764242649078369141e+00 4.647554397583007812e+00 4.807486534118652344e+00 4.748476982116699219e+00 4.766213417053222656e+00 4.884678363800048828e+00 4.810277938842773438e+00 4.781446456909179688e+00 4.817102432250976562e+00 4.792675971984863281e+00 4.805825233459472656e+00 4.738493442535400391e+00 5.016862869262695312e+00 4.373090267181396484e+00 5.558863639831542969e+00 4.663417816162109375e+00
2.761712551116943359e+00 2.157621860504150391e+00 3.360754013061523438e+00 3.599954843521118164e+00 3.434477806091308594e+00 3.211487531661987305e+00 3.274070262908935547e+00 3.878755569458007812e+00 4.106001853942871094e+00 4.003698825836181641e+00 3.697443008422851562e+00 3.762681484222412109e+00 4.140848159790039062e+00 4.058926582336425781e+00 3.986942529678344727e+00 4.190787315368652344e+00 4.212545394897460938e+00 4.138303279876708984e+00 4.165868759155273438e+00 4.010731697082519531e+00 4.100455284118652344e+00 4.153182029724121094e+00 4.216946601867675781e+00 4.025400638580322266e+00
4.499390125274658203e+00 1.973404169082641602e+00 5.318417549133300781e+00 3.781699180603027344e+00 1.991270303726196289e+00 1.256952047348022461e+00 1.471876382827758789e+00 2.088438034057617188e+00 2.580534934997558594e+00 2.695317029953002930e+00 2.716980457305908203e+00 2.790852069854736328e+00 3.142916440963745117e+00 3.352481842041015625e+00 3.342963218688964844e+00 3.500723361968994141e+00 3.388337135314941406e+00 3.743581056594848633e+00 3.452209234237670898e+00 4.026585102081298828e+00 3.564205408096313477e+00 3.886575222015380859e+00 3.815852165222167969e+00 3.884665250778198242e+00
3.571165561676025391e+00 4.681536674499511719e+00 5.910034179687500000e-01 4.685522079467773438e+00 4.115707874298095703e+00 3.387244701385498047e+00 2.777039289474487305e+00 2.445051193237304688e+00 2.500276327133178711e+00 2.871355056762695312e+00 3.266007423400878906e+00 3.447863578796386719e+00 3.427595138549804688e+00 3.363355159759521484e+00 3.490564584732055664e+00 3.647337436676025391e+00 3.494546890258789062e+00 3.351221323013305664e+00 3.599152088165283203e+00 3.449931383132934570e+00 3.515141963958740234e+00 3.480263233184814453e+00 3.535865783691406250e+00 3.574521064758300781e+00
3.643450498580932617e+00 3.619116544723510742e+00 3.283997774124145508e+00 4.051912307739257812e+00 2.730982542037963867e+00 4.608348369598388672e+00 3.046651601791381836e+00 3.249248027801513672e+00 3.904646396636962891e+00 3.879836320877075195e+00 3.440604209899902344e+00 3.596265792846679688e+00 3.693723917007446289e+00 3.415744066238403320e+00 4.036885261535644531e+00 3.081904888153076172e+00 4.675276756286621094e+00 3.331482648849487305e+00 3.123746871948242188e+00 4.796504020690917969e+00 4.238709449768066406e+00 3.292061090469360352e+00 3.742628574371337891e+00 4.102382659912109375e+00
3.711620330810546875e+00 3.608840227127075195e+00 3.892061233520507812e+00 3.583172798156738281e+00 4.332667827606201172e+00 2.340335369110107422e+00 5.773726463317871094e+00 5.240981101989746094e+00 3.114995241165161133e+00 1.224114298820495605e+00 3.060231208801269531e+00 3.516892433166503906e+00 3.329368114471435547e+00 2.790652513504028320e+00 2.475374937057495117e+00 2.833294153213500977e+00 3.234585046768188477e+00 3.218913078308105469e+00 3.003073930740356445e+00 3.586996555328369141e+00 3.430330514907836914e+00 3.426406383514404297e+00 3.834111690521240234e+00 3.585626125335693359e+00
3.489276885986328125e+00 3.888384819030761719e+00 3.242001533508300781e+00 4.088147163391113281e+00 3.671085596084594727e+00 3.457706451416015625e+00 3.663480758666992188e+00 3.356062889099121094e+00 3.512344837188720703e+00 3.865917444229125977e+00 3.553292751312255859e+00 3.499529838562011719e+00 3.522168874740600586e+00 3.558498382568359375e+00 3.551802158355712891e+00 3.062139511108398438e+00 4.266904830932617188e+00 3.840569972991943359e+00 3.177705764770507812e+00 3.846879720687866211e+00 3.496942996978759766e+00 3.415011882781982422e+00 3.829075813293457031e+00 2.661189556121826172e+00
5.404313087463378906e+00 2.949734330177307129e-01 5.167297363281250000e+00 5.181298732757568359e+00 4.616349220275878906e+00 3.579888343811035156e+00 2.571049690246582031e+00 2.782102584838867188e+00 3.503722190856933594e+00 3.681715965270996094e+00 3.081145286560058594e+00 2.914178848266601562e+00 3.735845565795898438e+00 3.824762821197509766e+00 3.203588962554931641e+00 3.669400930404663086e+00 3.285014629364013672e+00 3.625597000122070312e+00 3.687361717224121094e+00 3.266725301742553711e+00 4.070401191711425781e+00 3.233609914779663086e+00 4.172199249267578125e+00 2.967370510101318359e+00
4.579465866088867188e+00 3.185197830200195312e+00 3.535072088241577148e+00 3.884841442108154297e+00 3.500137805938720703e+00 3.290844202041625977e+00 3.424840927124023438e+00 3.344142436981201172e+00 4.262434959411621094e+00 7.209256291389465332e-01 6.056796073913574219e+00 5.787840843200683594e+00 4.729866981506347656e+00 2.421555519104003906e+00 1.159722805023193359e+00 1.309519290924072266e+00 2.030897617340087891e+00 2.420157432556152344e+00 2.443526744842529297e+00 2.124448537826538086e+00 2.187427043914794922e+00 2.489998817443847656e+00 2.652304410934448242e+00 2.585137844085693359e+00
2.674610137939453125e+00 2.830472469329833984e+00 2.950355052947998047e+00 2.849412441253662109e+00 3.096873521804809570e+00 3.056776523590087891e+00 2.712281465530395508e+00 3.647122144699096680e+00 2.313798666000366211e+00 4.214334487915039062e+00 2.580362796783447266e+00 3.661153316497802734e+00 3.478115797042846680e+00 2.912228345870971680e+00 3.463228225708007812e+00 3.043995857238769531e+00 3.269283294677734375e+00 3.439331293106079102e+00 2.395743370056152344e+00 4.815145969390869141e+00 1.036878585815429688e+00 4.729702472686767578e+00 4.059556007385253906e+00 2.612965583801269531e+00
1.955723047256469727e+00 2.659081935882568359e+00 3.143599033355712891e+00 2.968461513519287109e+00 2.625068664550781250e+00 2.921489715576171875e+00 2.898841857910156250e+00 3.003201007843017578e+00 3.060086727142333984e+00 3.475678682327270508e+00 2.597846269607543945e+00 3.521011829376220703e+00 2.749351501464843750e+00 3.462396621704101562e+00 2.138549089431762695e+00 4.670568466186523438e+00 1.179395318031311035e+00 4.177346229553222656e+00 4.108992099761962891e+00 2.945830821990966797e+00 2.384669303894042969e+00 3.264595985412597656e+00 3.424643278121948242e+00 2.805554389953613281e+00
3.007955312728881836e+00 2.886963844299316406e+00 3.284151554107666016e+00 2.724227905273437500e+00 3.555070161819458008e+00 2.627271890640258789e+00 3.965162992477416992e+00 2.610502243041992188e+00 3.568926572799682617e+00 3.308598518371582031e+00 2.989727258682250977e+00 3.444426298141479492e+00 2.958418369293212891e+00 3.419407129287719727e+00 2.657382488250732422e+00 4.050005435943603516e+00 2.805199623107910156e+00 3.789725542068481445e+00 3.140102386474609375e+00 3.610408306121826172e+00 2.153482198715209961e+00 5.514201641082763672e+00 5.386918783187866211e-01 5.499748229980468750e+00
4.887636661529541016e+00 3.539214849472045898e+00 2.414999008178710938e+00 2.414125442504882812e+00 3.321268081665039062e+00 3.517665863037109375e+00 2.731330871582031250e+00 2.768638610839843750e+00 3.362201452255249023e+00 2.060255289077758789e+00 4.801913261413574219e+00 3.324732303619384766e+00 2.473852634429931641e+00 4.586283683776855469e+00 3.978696346282958984e+00 2.639019012451171875e+00 3.718600749969482422e+00 2.937914371490478516e+00 3.290944337844848633e+00 2.704221487045288086e+00 3.318949222564697266e+00 2.524388790130615234e+00 4.190716743469238281e+00 2.140119791030883789e+00
4.949997901916503906e+00 2.929694414138793945e+00 2.862923622131347656e+00 4.145140171051025391e+00 3.641160011291503906e+00 2.799593210220336914e+00 3.936007976531982422e+00 2.311269521713256836e+00 4.923421859741210938e+00 2.052551031112670898e+00 5.057607650756835938e+00 4.210922718048095703e+00 2.853345870971679688e+00 3.760383605957031250e+00 3.899773120880126953e+00 2.711261749267578125e+00 5.002588272094726562e+00 1.008643984794616699e+00 5.952854156494140625e+00 5.286264419555664062e+00 4.205388545989990234e+00 3.117869377136230469e+00 2.809210062026977539e+00 3.881121635437011719e+00
3.860061168670654297e+00 2.822096109390258789e+00 3.056210756301879883e+00 3.470237016677856445e+00 2.855703830718994141e+00 3.656920909881591797e+00 2.722409725189208984e+00 4.034401893615722656e+00 2.859646797180175781e+00 3.778844594955444336e+00 3.452276945114135742e+00 3.328938007354736328e+00 3.631173610687255859e+00 3.273951768875122070e+00 3.899020671844482422e+00 2.074223518371582031e+00 6.016052246093750000e+00 3.233972072601318359e+00 1.327776551246643066e+00 5.263961791992187500e+00 4.611345767974853516e+00 3.178509235382080078e+00 2.330953121185302734e+00 3.054205656051635742e+00
3.730654478073120117e+00 3.512235164642333984e+00 3.008975744247436523e+00 3.177242279052734375e+00 3.142633438110351562e+00 3.760148525238037109e+00 2.639303207397460938e+00 4.437981128692626953e+00 3.567571163177490234e+00 2.887268543243408203e+00 4.076821327209472656e+00 2.362022399902343750e+00 4.531502723693847656e+00 3.388945579528808594e+00 2.462658166885375977e+00 4.970751762390136719e+00 2.421299457550048828e+00 3.312791347503662109e+00 3.869980096817016602e+00 3.527551174163818359e+00 2.810102224349975586e+00 3.660615205764770508e+00 2.742085695266723633e+00 3.245419979095458984e+00
3.718302488327026367e+00 1.915781140327453613e+00 5.398601531982421875e+00 2.611297369003295898e+00 2.730848789215087891e+00 4.494661808013916016e+00 4.379069328308105469e+00 2.791797876358032227e+00 3.191597938537597656e+00 4.002813339233398438e+00 3.433850765228271484e+00 2.834628343582153320e+00 3.562982559204101562e+00 3.160920143127441406e+00 3.271923542022705078e+00 2.707065582275390625e+00 4.547097206115722656e+00 1.803296804428100586e-01 6.015130996704101562e+00 4.834956169128417969e+00 3.226287841796875000e+00 2.528836011886596680e+00 3.631594181060791016e+00 4.027802944183349609e+00
3.018692016601562500e+00 2.673216819763183594e+00 3.470496654510498047e+00 3.006561279296875000e+00 3.244299173355102539e+00 3.466114997863769531e+00 3.141867637634277344e+00 3.727882146835327148e+00 3.089217662811279297e+00 3.727193355560302734e+00 3.016721725463867188e+00 3.857017517089843750e+00 3.252164363861083984e+00 3.792016983032226562e+00 3.451613903045654297e+00 2.037853956222534180e+00 4.795475006103515625e+00 2.493549585342407227e+00 3.224706172943115234e+00 4.636886596679687500e+00 3.066998958587646484e+00 3.231387853622436523e+00 4.634927749633789062e+00 1.530833601951599121e+00
