1.501212954521179199e+00 1.167573809623718262e+00 9.628747701644897461e-01
7.974091172218322754e-01 7.041324377059936523e-01 6.104413866996765137e-01
5.422250628471374512e-01 4.778868854045867920e-01 4.484165906906127930e-01
4.132010042667388916e-01 3.939989209175109863e-01 3.778471648693084717e-01
3.285338580608367920e-01 2.933872342109680176e-01 2.637801766395568848e-01
2.603051066398620605e-01 2.343727797269821167e-01 2.128535807132720947e-01
2.218435704708099365e-01 2.149295955896377563e-01 1.945654004812240601e-01
1.856710910797119141e-01 1.715817749500274658e-01 1.677594929933547974e-01
1.573915779590606689e-01 1.451590657234191895e-01 1.348780691623687744e-01
1.276462078094482422e-01 1.217577084898948669e-01 1.250761449337005615e-01
1.297415494918823242e-01 1.192000955343246460e-01 1.126771792769432068e-01
1.060047671198844910e-01 1.068185269832611084e-01 1.111768782138824463e-01
1.068767607212066650e-01 9.217867255210876465e-02 9.134937822818756104e-02
9.773133695125579834e-02 9.906424582004547119e-02 9.600532054901123047e-02
8.381949365139007568e-02 8.968724310398101807e-02 9.888859093189239502e-02
8.879298716783523560e-02 8.454932272434234619e-02 9.791699796915054321e-02
7.931032776832580566e-02 7.418506592512130737e-02 6.728717684745788574e-02
6.584884971380233765e-02 6.494742631912231445e-02 6.840255111455917358e-02
6.755860149860382080e-02 6.260699778795242310e-02 6.768998503684997559e-02
5.964680016040802002e-02 5.747791752219200134e-02 6.076424941420555115e-02
