9.548546075820922852e-01 1.036878585815429688e+00 1.169021368026733398e+00
1.304150700569152832e+00 1.448509693145751953e+00 1.599412441253662109e+00
1.708785295486450195e+00 1.830935955047607422e+00 1.904839038848876953e+00
1.978967905044555664e+00 2.050359249114990234e+00 2.145988702774047852e+00
2.271423339843750000e+00 2.355432987213134766e+00 2.439402103424072266e+00
2.497005462646484375e+00 2.568467617034912109e+00 2.626871347427368164e+00
2.643589019775390625e+00 2.707638263702392578e+00 2.781370878219604492e+00
2.821244716644287109e+00 2.844122409820556641e+00 2.894381999969482422e+00
2.936865806579589844e+00 2.991327047348022461e+00 3.021390914916992188e+00
3.066773176193237305e+00 3.105337619781494141e+00 3.155820846557617188e+00
3.163021802902221680e+00 3.258107185363769531e+00 3.258060932159423828e+00
3.260269165039062500e+00 3.237794876098632812e+00 3.271604776382446289e+00
3.337619304656982422e+00 3.392083406448364258e+00 3.379546403884887695e+00
3.369544506072998047e+00 3.430135250091552734e+00 3.496448278427124023e+00
3.540390491485595703e+00 3.524679899215698242e+00 3.557843685150146484e+00
3.633430480957031250e+00 3.655670642852783203e+00 3.621620416641235352e+00
3.742460966110229492e+00 3.740764856338500977e+00 3.757364988327026367e+00
3.763777732849121094e+00 3.788612842559814453e+00 3.792217016220092773e+00
3.786900281906127930e+00 3.862694740295410156e+00 3.878173112869262695e+00
3.920193672180175781e+00 3.970566272735595703e+00 3.943084716796875000e+00
